2,833,814,955,936,907,948,1009,11410,12511,13812,14013,16914,17515,17616,17817,17618,18019,17420,16520,176